98755739093999933
98755739093999912
98755739093999904
98755739093999899
98755739093999886
98755739093999848
98755739093999817
98755739093999799
98755739093999778
98755739093999756
98755739093999755
98755739093999575
98755739093999561
98755739093998243
98755739093998225
98755739093998217
98755739093998173
98755739094008463
98755739094008426
98755739094008354
98755739094008302
98755739094008290
98755739094008232
98755739094008200
98755739094000538
98755739094000537
98755739094000525
98755739094000518
98755739094000514
98755739094000508
98755739094000507
98755739094000492
98755739094000489
98755739094000486
98755739094000484
98755739094000482
98755739094000481
98755739094000480